0.53158		0.00017441
1.29082		0.000167291
2.05006		0.000175597
2.8093		0.000160173
3.56854		0.000169664
4.32778		0.000175003
5.08702		0.000170851
5.84626		0.000137037
6.6055		0.000143562
7.36474		0.000133477
8.12398		0.000137037
8.88322		0.000138816
9.64246		0.000129325
10.4017		0.000124579
11.1609		0.000127545
11.9202		0.000131698
12.6794		0.000125172
13.4387		0.000114494
14.1979		0.000112121
14.9571		0.000103222
15.7164		0.000104409
16.4756		9.49171e-05
17.2349		8.83916e-05
17.9941		8.00863e-05
18.7533		8.30525e-05
19.5126		7.83066e-05
20.2718		8.1866e-05
21.0311		7.4154e-05
21.7903		8.06796e-05
22.5495		7.47472e-05
23.3088		8.54254e-05
24.068		7.83066e-05
24.8273		8.12728e-05
25.5865		6.6442e-05
26.3457		9.01713e-05
27.105		6.94082e-05
27.8642		7.23743e-05
28.6235		7.59337e-05
29.3827		6.11029e-05
30.1419		6.76285e-05
30.9012		5.99164e-05
31.6604		7.35608e-05
32.4197		5.69503e-05
33.1789		7.05946e-05
33.9381		5.75435e-05
34.6974		5.81367e-05
35.4566		6.6442e-05
36.2159		7.53405e-05
36.9751		6.52555e-05
37.7343		8.36457e-05
38.4936		8.00863e-05
39.2528		9.37307e-05
40.0121		9.49171e-05
40.7713		9.49171e-05
41.5305		0.000106782
42.2898		0.00011568
43.049		0.00013585
43.8083		0.000165512
44.5675		0.000180343
45.3267		0.000201106
46.086		0.00021653
46.8452		0.000242632
47.6045		0.000274666
48.3637		0.000288904
49.1229		0.000355939
49.8822		0.000376109
50.6414		0.000405178
51.4007		0.000487043
52.1599		0.000538061
52.9191		0.000590859
53.6784		0.000672725
54.4376		0.000714845
55.1969		0.00079849
55.9561		0.000862559
56.7153		0.000924256
57.4746		0.00101383
58.2338		0.00111765
58.9931		0.00114316
59.7523		0.0012624
60.5115		0.00136028
61.2708		0.00139291
62.03		0.00150384
62.7893		0.00155486
63.5485		0.00167885
64.3077		0.0017791
65.067		0.00179453
65.8262		0.0019375
66.5855		0.00200809
67.3447		0.00204784
68.1039		0.0022264
68.8632		0.00219081
69.6224		0.00226259
70.3817		0.00233615
71.1409		0.00246725
71.9001		0.00242751
72.6594		0.0024542
73.4186		0.00255802
74.1779		0.00261319
74.9371		0.00268675
75.6963		0.0026037
76.4556		0.00265412
77.2148		0.00274014
77.9741		0.00272294
78.7333		0.00274192
79.4925		0.00265471
80.2518		0.00284455
81.011		0.00279056
81.7703		0.002787
82.5295		0.00276683
83.2887		0.00274607
84.048		0.0027431
84.8072		0.00288785
85.5665		0.00273302
86.3257		0.00281192
87.0849		0.0028665
87.8442		0.0028659
88.6034		0.002717
89.3627		0.00284099
90.1219		0.00288607
90.8811		0.00285285
91.6404		0.00284158
92.3996		0.00285582
93.1589		0.00291455
93.9181		0.00282794
94.6773		0.00291277
95.4366		0.00281607
96.1958		0.00292879
96.9551		0.00287896
97.7143		0.00289972
98.4735		0.00290031
99.2328		0.00289082
99.992		0.0029365
100.751		0.00293769
101.51		0.00293531
102.27		0.00288073
103.029		0.0029893
103.788		0.00299048
104.547		0.00290684
105.307		0.00306048
106.066		0.00301421
106.825		0.0029537
107.584		0.00304862
108.344		0.00297506
109.103		0.00297625
109.862		0.00291692
110.621		0.00298811
111.381		0.0029887
112.14		0.00302014
112.899		0.00296853
113.658		0.00292523
114.418		0.00303379
115.177		0.00299819
115.936		0.00309904
116.695		0.00298218
117.455		0.00303023
118.214		0.00297387
118.973		0.00297565
119.732		0.00295311
120.492		0.00287421
121.251		0.00296319
122.01		0.00290743
122.769		0.00291158
123.528		0.00295904
124.288		0.00283802
125.047		0.00281133
125.806		0.00290684
126.565		0.00286175
127.325		0.00285226
128.084		0.00279828
128.843		0.00288548
129.602		0.00286175
130.362		0.002752
131.121		0.00285582
131.88		0.00276565
132.639		0.00280065
133.399		0.00268497
134.158		0.00277633
134.917		0.00277811
135.676		0.00275794
136.436		0.00274073
137.195		0.00274014
137.954		0.00272116
138.713		0.00269921
139.473		0.00269505
140.232		0.00269624
140.991		0.0026209
141.75		0.002612
142.509		0.00260073
143.269		0.00256692
144.028		0.00256514
144.787		0.00250403
145.546		0.00264344
146.306		0.00257937
147.065		0.00258471
147.824		0.002647
148.583		0.0026209
149.343		0.0024981
150.102		0.00257285
150.861		0.00260725
151.62		0.00252302
152.38		0.00255683
153.139		0.00257344
153.898		0.00246429
154.657		0.00249751
155.417		0.00255802
156.176		0.00251768
156.935		0.00249691
157.694		0.00251352
158.454		0.00247378
159.213		0.00250107
159.972		0.00253666
160.731		0.00252361
161.49		0.00252836
162.25		0.00250047
163.009		0.00246547
163.768		0.0024453
164.527		0.00244234
165.287		0.00234564
166.046		0.00243996
166.805		0.00248683
167.564		0.00246369
168.324		0.00250463
169.083		0.0025592
169.842		0.00256039
170.601		0.00265768
171.361		0.00272531
172.12		0.002752
172.879		0.00281192
173.638		0.00287065
174.398		0.00300235
175.157		0.00299108
175.916		0.00296913
176.675		0.00298574
177.435		0.00306226
178.194		0.00297209
178.953		0.0028926
179.712		0.00285463
180.471		0.00270929
181.231		0.00261437
181.99		0.00254734
182.749		0.00249513
183.508		0.00249632
184.268		0.00236462
185.027		0.00230293
185.786		0.00227208
186.545		0.00222343
187.305		0.00221216
188.064		0.00209292
188.823		0.00213208
189.582		0.00194284
190.342		0.00202529
191.101		0.0020075
191.86		0.0019897
192.619		0.00206741
193.379		0.00196775
194.138		0.00200097
194.897		0.00192504
195.656		0.00196656
196.416		0.00189182
197.175		0.00192326
197.934		0.00186927
198.693		0.00184792
199.452		0.00183961
200.212		0.00181292
200.971		0.00189478
201.73		0.001858
202.489		0.00177436
203.249		0.0018058
204.008		0.00173461
204.767		0.00174114
205.526		0.00171503
206.286		0.00180224
207.045		0.00179809
207.804		0.00167588
208.563		0.00172927
209.323		0.0017269
210.082		0.00168656
210.841		0.00161774
211.6		0.00169724
212.36		0.00160825
213.119		0.00167944
213.878		0.00166283
214.637		0.00159817
215.397		0.00155664
216.156		0.00165274
216.915		0.0015691
217.674		0.00158274
218.433		0.0016124
219.193		0.00156139
219.952		0.00152698
220.711		0.00154478
221.47		0.00155486
222.23		0.0015335
222.989		0.00154834
223.748		0.00154003
224.507		0.00147952
225.267		0.00145698
226.026		0.00147715
226.785		0.0014463
227.544		0.00147122
228.304		0.0014291
229.063		0.00143206
229.822		0.00146232
230.581		0.00143977
231.341		0.00142969
232.1		0.00141545
232.859		0.00136859
233.618		0.00140655
234.378		0.00137511
235.137		0.00138282
235.896		0.00144096
236.655		0.00140181
237.414		0.00137867
238.174		0.00135316
238.933		0.00141071
239.692		0.0013585
240.451		0.00136384
241.211		0.00134486
241.97		0.00131579
242.729		0.00132647
243.488		0.00134545
244.248		0.00134011
245.007		0.00127011
245.766		0.00130511
246.525		0.00130867
247.285		0.00135138
248.044		0.00129265
248.803		0.00126536
249.562		0.00126892
250.322		0.00125053
251.081		0.00123452
251.84		0.00122502
252.599		0.00117757
253.358		0.00118646
254.118		0.00120248
254.877		0.00120129
255.636		0.00122443
256.395		0.0011829
257.155		0.00117579
257.914		0.00117935
258.673		0.00119358
259.432		0.0011746
260.192		0.00115443
260.951		0.00111231
261.71		0.00115977
262.469		0.00108087
263.229		0.00110519
263.988		0.00114197
264.747		0.00113011
265.506		0.00106307
266.266		0.00106485
267.025		0.00107731
267.784		0.0010435
268.543		0.00105299
269.303		0.00112299
270.062		0.00105833
270.821		0.00105655
271.58		0.00106544
272.34		0.00104112
273.099		0.000996037
273.858		0.00108087
274.617		0.00105417
275.376		0.00100078
276.136		0.00102629
276.895		0.000986545
277.654		0.00104824
278.413		0.00100968
279.173		0.000985952
279.932		0.00104765
280.691		0.000981206
281.45		0.00101561
282.21		0.000946798
282.969		0.000969341
283.728		0.00100434
284.487		0.00102688
285.247		0.000972901
286.006		0.000955697
286.765		0.000961036
287.524		0.000946205
288.284		0.000965189
289.043		0.000955104
289.802		0.000997223
290.561		0.000943832
291.321		0.000945612
292.08		0.000926035
292.839		0.000955697
293.598		0.00093434
294.357		0.000910018
295.117		0.000933154
295.876		0.000916544
296.635		0.000905865
297.394		0.000923069
298.154		0.000886882
298.913		0.000905272
299.672		0.000908831
300.431		0.000899933
301.191		0.000853661
301.95		0.000876797
302.709		0.000886882
303.468		0.000886882
304.228		0.000907052
304.987		0.00087561
305.746		0.000873831
306.505		0.000863746
307.265		0.000863746
308.024		0.000856627
308.783		0.00083705
309.542		0.000816881
310.302		0.000868492
311.061		0.000844762
311.82		0.000848322
312.579		0.000829932
313.338		0.000848915
314.098		0.000844169
314.857		0.000859
315.616		0.000824593
316.375		0.000813321
317.135		0.000801456
317.894		0.000783066
318.653		0.000842983
319.412		0.000816287
320.172		0.000808575
320.931		0.000812728
321.69		0.000844169
322.449		0.000769422
323.209		0.000773575
323.968		0.000764676
324.727		0.000794338
325.486		0.000829338
326.246		0.00076171
327.005		0.000795524
327.764		0.000771795
328.523		0.000791372
329.283		0.000813321
330.042		0.000740947
330.801		0.000813321
331.56		0.000786626
332.319		0.000768829
333.079		0.000746879
333.838		0.000746879
334.597		0.000752811
335.356		0.000784253
336.116		0.00074332
336.875		0.000758744
337.634		0.000746286
338.393		0.00076171
339.153		0.000740947
339.912		0.000735015
340.671		0.00074332
341.43		0.00075993
342.19		0.000737981
342.949		0.000729082
343.708		0.000711878
344.467		0.000748066
345.227		0.000770015
345.986		0.000731455
346.745		0.000705353
347.504		0.000764676
348.264		0.000693488
349.023		0.000704166
349.782		0.000677471
350.541		0.000735608
351.3		0.00072137
352.06		0.000727302
352.819		0.000708912
353.578		0.000716624
354.337		0.000698234
355.097		0.000708319
355.856		0.000729082
356.615		0.000705946
357.374		0.000682217
358.134		0.000686963
358.893		0.000709506
359.652		0.000680437
360.411		0.00072493
361.171		0.000678657
361.93		0.000683997
362.689		0.000665606
363.448		0.000661454
364.208		0.000695861
364.967		0.000673318
365.726		0.000683997
366.485		0.000663827
367.245		0.000648996
368.004		0.000670945
368.763		0.000674505
369.522		0.000679251
370.281		0.000692895
371.041		0.000667386
371.8		0.000689929
372.559		0.000667386
373.318		0.000702387
374.078		0.000682217
374.837		0.000694675
375.596		0.000660861
376.355		0.000638318
377.115		0.000661454
377.874		0.000683403
378.633		0.000665013
379.392		0.000638911
380.152		0.000649589
380.911		0.000638911
381.67		0.00068459
382.429		0.000678657
383.189		0.000616368
383.948		0.00064603
384.707		0.000622894
385.466		0.000657894
386.226		0.000608656
386.985		0.000616368
387.744		0.000628233
388.503		0.000645436
389.262		0.000643657
390.022		0.000609843
390.781		0.000612809
391.54		0.00060569
392.299		0.000630012
393.059		0.000596198
393.818		0.000624673
394.577		0.000579588
395.336		0.000631792
396.096		0.000600351
396.855		0.000628826
397.614		0.000592046
398.373		0.000596791
399.133		0.000632979
399.892		0.000584334
400.651		0.000618741
401.41		0.000581961
402.17		0.000593232
402.929		0.000626453
403.688		0.000612215
404.447		0.000618741
405.207		0.000613995
405.966		0.000562977
406.725		0.000591452
407.484		0.000593232
408.243		0.000584927
409.003		0.000575435
409.762		0.000590266
410.521		0.000575435
411.28		0.000573062
412.04		0.000582554
412.799		0.000599758
413.558		0.00054696
414.317		0.000578401
415.077		0.000562977
415.836		0.000591452
416.595		0.000561791
417.354		0.000570096
418.114		0.000592639
418.873		0.000573062
419.632		0.000583147
420.391		0.000574842
421.151		0.000557638
421.91		0.00054874
422.669		0.000542807
423.428		0.00056535
424.188		0.000534502
424.947		0.000530349
425.706		0.000557638
426.465		0.000542214
427.224		0.000554672
427.984		0.000541028
428.743		0.000532129
429.502		0.000538061
430.261		0.000532722
431.021		0.000538655
431.78		0.000573062
432.539		0.000547553
433.298		0.000517298
434.058		0.000536282
434.817		0.000516112
435.576		0.000542807
436.335		0.000524417
437.095		0.000515519
437.854		0.000542807
438.613		0.000497722
439.372		0.000539248
440.132		0.000530349
440.891		0.000498315
441.65		0.000504247
442.409		0.000511959
443.169		0.000521451
443.928		0.000487043
444.687		0.000550519
445.446		0.000539841
446.205		0.000499501
446.965		0.00048823
447.724		0.000497722
448.483		0.000513739
449.242		0.000516705
450.002		0.000519078
450.761		0.000502468
451.52		0.000499501
452.279		0.000487043
453.039		0.000511959
453.798		0.000527977
454.557		0.000507213
455.316		0.000501874
456.076		0.000476365
456.835		0.000475772
457.594		0.000487637
458.353		0.000464501
459.113		0.000466874
459.872		0.000462128
460.631		0.000522044
461.39		0.000473399
462.15		0.000499501
462.909		0.000473992
463.668		0.000457975
464.427		0.000507807
465.186		0.000499501
465.946		0.000453229
466.705		0.000475179
467.464		0.000450856
468.223		0.000468653
468.983		0.00046984
469.742		0.000457975
470.501		0.000481704
471.26		0.000449077
472.02		0.000455009
472.779		0.000437212
473.538		0.000473399
474.297		0.000431873
475.057		0.000438398
475.816		0.000427127
476.575		0.000482891
477.334		0.000428314
478.094		0.000444331
478.853		0.000456195
479.612		0.000436026
480.371		0.000377889
481.131		0.000457382
481.89		0.000425941
482.649		0.000393313
483.408		0.000385601
484.167		0.000426534
484.927		0.000423568
485.686		0.000417635
486.445		0.000437805
487.204		0.000398059
487.964		0.000402805
488.723		0.000415262
489.482		0.000393313
490.241		0.000395686
491.001		0.000383821
491.76		0.000403991
492.519		0.000379668
493.278		0.000405771
494.038		0.00039094
494.797		0.000399838
495.556		0.000387381
496.315		0.000382041
497.075		0.000371956
497.834		0.000417042
498.593		0.000380855
499.352		0.000393906
500.112		0.000380262
500.871		0.000377889
501.63		0.000383228
502.389		0.000373736
503.148		0.000387974
503.908		0.000397465
504.667		0.000370177
505.426		0.000386787
506.185		0.000339329
506.945		0.000366024
507.704		0.000358312
508.463		0.000365431
509.222		0.000366024
509.982		0.000377296
510.741		0.000353566
511.5		0.000376702
512.259		0.000355346
513.019		0.00035416
513.778		0.000352973
514.537		0.000345854
515.296		0.000359499
516.056		0.000358312
516.815		0.000344668
517.574		0.000336956
518.333		0.000361872
519.092		0.00035416
519.852		0.000359499
520.611		0.000355346
521.37		0.000353566
522.129		0.000354753
522.889		0.000345854
523.648		0.000336956
524.407		0.00035238
525.166		0.000351193
525.926		0.000335769
526.685		0.000338735
527.444		0.000333396
528.203		0.000353566
528.963		0.000360092
529.722		0.000342888
530.481		0.00031026
531.24		0.000346448
532		0.000336363
532.759		0.000373736
533.518		0.000319752
534.277		0.000341702
535.037		0.000324498
535.796		0.000342295
536.555		0.000348227
537.314		0.000341108
538.074		0.000328651
538.833		0.000345261
539.592		0.000326278
540.351		0.000332803
541.11		0.000357719
541.87		0.00031382
542.629		0.000323311
543.388		0.00035416
544.147		0.000361278
544.907		0.000346448
545.666		0.000338735
546.425		0.000356532
547.184		0.00034882
547.944		0.000355939
548.703		0.000377296
549.462		0.000356532
550.221		0.000374329
550.981		0.000358905
551.74		0.000393906
552.499		0.000358905
553.258		0.000382041
554.018		0.000380855
554.777		0.000371956
555.536		0.000404584
556.295		0.000380262
557.055		0.00037077
557.814		0.000388567
558.573		0.000380855
559.332		0.000395093
560.091		0.000399838
560.851		0.00039272
561.61		0.000389753
562.369		0.000390347
563.128		0.000394499
563.888		0.000398652
564.647		0.000398652
565.406		0.000390347
566.165		0.000374923
566.925		0.000415262
567.684		0.000409923
568.443		0.000377889
569.202		0.000401025
569.962		0.000397465
570.721		0.000386787
571.48		0.000390347
572.239		0.000414076
572.999		0.000396872
573.758		0.000396279
574.517		0.000399245
575.276		0.000428314
576.036		0.000413483
576.795		0.00042772
577.554		0.000422381
578.313		0.00046628
579.072		0.00042772
579.832		0.000463314
580.591		0.00045145
581.35		0.000494756
582.109		0.000466874
582.869		0.000527383
583.628		0.000496535
584.387		0.000507213
585.146		0.00054518
585.906		0.000549926
586.665		0.000517892
587.424		0.000530349
588.183		0.000542807
588.943		0.000590859
589.702		0.000618148
590.461		0.000618741
591.22		0.000650776
591.98		0.000638911
592.739		0.000681624
593.498		0.000644843
594.257		0.000700607
595.017		0.000685183
595.776		0.000697048
596.535		0.000723743
597.294		0.000707133
598.053		0.000705946
598.813		0.000724336
599.572		0.000732048
600.331		0.000766456
601.09		0.00071959
601.85		0.000742727
602.609		0.000733828
603.368		0.000675691
604.127		0.000689929
604.887		0.000672132
605.646		0.000638911
606.405		0.00068281
607.164		0.00062408
607.924		0.000631199
608.683		0.000603317
609.442		0.000620521
610.201		0.000595012
610.961		0.00056357
611.72		0.000565943
612.479		0.000510773
613.238		0.000529163
613.998		0.000494756
614.757		0.000464501
615.516		0.000479332
616.275		0.000440771
617.034		0.000419415
617.794		0.000414076
618.553		0.000395686
619.312		0.000393313
620.071		0.000381448
620.831		0.000345854
621.59		0.000343481
622.349		0.000333396
623.108		0.000338142
623.868		0.000344668
624.627		0.000303142
625.386		0.000329837
626.145		0.00033221
626.905		0.000342295
627.664		0.000333396
628.423		0.000316193
629.182		0.000333396
629.942		0.000367211
630.701		0.000349414
631.46		0.000385008
632.219		0.000360092
632.979		0.000371956
633.738		0.00040755
634.497		0.000434246
635.256		0.000438992
636.015		0.000484077
636.775		0.000502468
637.534		0.000543994
638.293		0.000573062
639.052		0.000583147
639.812		0.000589673
640.571		0.00060391
641.33		0.000670945
642.089		0.000710692
642.849		0.000762303
643.608		0.000764083
644.367		0.000797897
645.126		0.000845356
645.886		0.000916544
646.645		0.000902306
647.404		0.000929001
648.163		0.000961629
648.923		0.00103697
649.682		0.00100256
650.441		0.00108087
651.2		0.0011224
651.96		0.00107375
652.719		0.00114494
653.478		0.00111468
654.237		0.00115799
654.996		0.00118468
655.756		0.00118053
656.515		0.00110578
657.274		0.00115206
658.033		0.00116926
658.793		0.00113782
659.552		0.00119299
660.311		0.00117045
661.07		0.00116629
661.83		0.00109511
662.589		0.00110578
663.348		0.00106248
664.107		0.0010607
664.867		0.0010957
665.626		0.00100553
666.385		0.000955697
667.144		0.000875017
667.904		0.000866119
668.663		0.000828152
669.422		0.000771795
670.181		0.00075993
670.941		0.000726116
671.7		0.000733235
672.459		0.000675098
673.218		0.000596198
673.977		0.000579588
674.737		0.000571282
675.496		0.000531536
676.255		0.000487637
677.014		0.000445517
677.774		0.00044967
678.533		0.000404584
679.292		0.000364244
680.051		0.000340515
680.811		0.00031382
681.57		0.000296023
682.329		0.00025153
683.088		0.000265768
683.848		0.000243225
684.607		0.000208224
685.366		0.000212377
686.125		0.000210597
686.885		0.000189834
687.644		0.000169071
688.403		0.000157206
689.162		0.00017797
689.922		0.00015602
690.681		0.000138816
691.44		0.000131698
692.199		0.000113901
692.958		0.000106189
693.718		0.000112714
694.477		0.000110341
695.236		0.000105595
695.995		0.000103816
696.755		0.000106782
697.514		9.07645e-05
698.273		9.01713e-05
699.032		9.31374e-05
699.792		9.55104e-05
700.551		8.89848e-05
701.31		9.84765e-05
702.069		8.72051e-05
702.829		9.49171e-05
703.588		8.9578e-05
704.347		8.83916e-05
705.106		0.000103816
705.866		8.12728e-05
706.625		0.000102629
707.384		9.55104e-05
708.143		0.000118646
708.903		9.72901e-05
709.662		0.000105595
710.421		8.54254e-05
711.18		9.25442e-05
711.939		0.000101443
712.699		9.31374e-05
713.458		0.000100849
714.217		9.43239e-05
714.976		9.49171e-05
715.736		9.72901e-05
716.495		9.66968e-05
717.254		0.000101443
718.013		8.66119e-05
718.773		0.000108561
719.532		0.000106189
720.291		9.43239e-05
721.05		9.1951e-05
721.81		9.43239e-05
722.569		9.66968e-05
723.328		9.55104e-05
724.087		9.25442e-05
724.847		0.000106189
725.606		9.66968e-05
726.365		0.000103222
727.124		9.72901e-05
727.884		8.00863e-05
728.643		8.1866e-05
729.402		9.84765e-05
730.161		8.77983e-05
730.92		8.30525e-05
731.68		7.94931e-05
732.439		9.78833e-05
733.198		8.60186e-05
733.957		8.54254e-05
734.717		8.36457e-05
735.476		9.25442e-05
736.235		7.83066e-05
736.994		8.30525e-05
737.754		8.4239e-05
738.513		9.01713e-05
739.272		7.4154e-05
740.031		8.9578e-05
740.791		9.31374e-05
741.55		8.89848e-05
742.309		9.31374e-05
743.068		0.000107375
743.828		8.9578e-05
744.587		9.37307e-05
745.346		8.60186e-05
746.105		0.000102036
746.865		9.13577e-05
747.624		9.72901e-05
748.383		0.000101443
749.142		7.88999e-05
749.901		8.83916e-05
750.661		9.61036e-05
751.42		0.000105002
752.179		8.60186e-05
752.938		7.94931e-05
753.698		9.78833e-05
754.457		0.000103222
755.216		0.000102036
755.975		0.000102629
756.735		0.000103816
757.494		9.55104e-05
758.253		9.90698e-05
759.012		0.000112714
759.772		9.9663e-05
760.531		0.000108561
761.29		0.000112714
762.049		0.000116273
762.809		0.000130511
763.568		0.000131698
764.327		0.000115087
765.086		0.000131698
765.846		0.00013585
766.605		0.000150681
767.364		0.000149494
768.123		0.000136443
768.882		0.000169664
769.642		0.00013941
770.401		0.000164325
771.16		0.000166105
771.919		0.000166698
772.679		0.000173817
773.438		0.000202885
774.197		0.000201699
774.956		0.000203479
775.716		0.000198733
776.475		0.000213564
777.234		0.000220089
777.993		0.000247971
778.753		0.000252124
779.512		0.00023492
780.271		0.000254497
781.03		0.000256869
781.79		0.000264581
782.549		0.000267548
783.308		0.000294836
784.067		0.000287124
784.827		0.000299582
785.586		0.000285345
786.345		0.000288311
787.104		0.000300769
787.863		0.000304328
788.623		0.000301362
789.382		0.000316786
790.141		0.000341108
790.9		0.000347041
791.66		0.00033399
792.419		0.00031026
793.178		0.00033221
793.937		0.000342888
794.697		0.000331024
795.456		0.000323905
796.215		0.000313227
796.974		0.000297802
797.734		0.00031204
798.493		0.000294243
799.252		0.000319159
800.011		0.000288311
800.771		0.000301362
801.53		0.000286531
802.289		0.000261022
803.048		0.000249751
803.808		0.000231361
804.567		0.000245598
805.326		0.000243818
806.085		0.000219496
806.844		0.000218309
807.604		0.000206445
808.363		0.000192207
809.122		0.000172631
809.881		0.000188055
810.641		0.000175597
811.4		0.000166105
812.159		0.000146528
812.918		0.000161359
813.678		0.000148901
814.437		0.00013407
815.196		0.000126952
815.955		0.00011568
816.715		0.000104409
817.474		0.000105595
818.233		8.89848e-05
818.992		9.07645e-05
819.752		8.30525e-05
820.511		9.37307e-05
821.27		8.89848e-05
822.029		7.94931e-05
822.788		7.53405e-05
823.548		7.23743e-05
824.307		4.98315e-05
825.066		6.40691e-05
825.825		6.6442e-05
826.585		6.28826e-05
827.344		5.45774e-05
828.103		5.27977e-05
828.862		4.27127e-05
829.622		5.1018e-05
830.381		4.74586e-05
831.14		4.56789e-05
831.899		4.27127e-05
832.659		4.44924e-05
833.418		3.85601e-05
834.177		3.50007e-05
834.936		3.08481e-05
835.696		3.79669e-05
836.455		2.90684e-05
837.214		2.96616e-05
837.973		3.02548e-05
838.733		3.14413e-05
839.492		3.08481e-05
840.251		2.72887e-05
841.01		3.20345e-05
841.769		2.66954e-05
842.529		3.3221e-05
843.288		2.90684e-05
844.047		3.14413e-05
844.806		3.02548e-05
845.566		2.78819e-05
846.325		3.26278e-05
847.084		2.72887e-05
847.843		3.97465e-05
848.603		3.08481e-05
849.362		2.61022e-05
850.121		3.14413e-05
850.88		3.3221e-05
851.64		2.96616e-05
852.399		4.03398e-05
853.158		3.38142e-05
853.917		3.02548e-05
854.677		3.26278e-05
855.436		3.3221e-05
856.195		3.3221e-05
856.954		3.26278e-05
857.714		3.02548e-05
858.473		3.08481e-05
859.232		3.3221e-05
859.991		2.66954e-05
860.75		3.02548e-05
861.51		3.20345e-05
862.269		3.55939e-05
863.028		2.96616e-05
863.787		2.90684e-05
864.547		3.79669e-05
865.306		3.67804e-05
866.065		3.73736e-05
866.824		4.21195e-05
867.584		3.02548e-05
868.343		3.61872e-05
869.102		4.56789e-05
869.861		3.38142e-05
870.621		3.38142e-05
871.38		3.79669e-05
872.139		3.26278e-05
872.898		3.67804e-05
873.658		3.26278e-05
874.417		3.20345e-05
875.176		4.0933e-05
875.935		3.61872e-05
876.695		3.3221e-05
877.454		3.3221e-05
878.213		3.61872e-05
878.972		4.03398e-05
879.731		3.20345e-05
880.491		3.73736e-05
881.25		3.67804e-05
882.009		3.44075e-05
882.768		3.61872e-05
883.528		3.61872e-05
884.287		3.85601e-05
885.046		3.73736e-05
885.805		3.85601e-05
886.565		3.55939e-05
887.324		3.3221e-05
888.083		2.96616e-05
888.842		4.15262e-05
889.602		2.96616e-05
890.361		2.5509e-05
891.12		3.14413e-05
891.879		2.84751e-05
892.639		3.02548e-05
893.398		2.61022e-05
894.157		3.50007e-05
894.916		3.61872e-05
895.676		3.73736e-05
896.435		3.67804e-05
897.194		2.90684e-05
897.953		3.02548e-05
898.713		3.44075e-05
899.472		3.44075e-05
900.231		2.78819e-05
900.99		4.03398e-05
901.749		3.50007e-05
902.509		2.78819e-05
903.268		2.84751e-05
904.027		2.5509e-05
904.786		2.72887e-05
905.546		2.61022e-05
906.305		3.02548e-05
907.064		3.02548e-05
907.823		2.72887e-05
908.583		2.66954e-05
909.342		2.31361e-05
910.101		3.26278e-05
910.86		3.20345e-05
911.62		2.31361e-05
912.379		2.49157e-05
913.138		3.08481e-05
913.897		2.78819e-05
914.657		2.19496e-05
915.416		2.19496e-05
916.175		2.78819e-05
916.934		3.3221e-05
917.694		2.96616e-05
918.453		3.02548e-05
919.212		3.02548e-05
919.971		1.7797e-05
920.73		2.5509e-05
921.49		2.13564e-05
922.249		3.14413e-05
923.008		2.84751e-05
923.767		2.61022e-05
924.527		3.02548e-05
925.286		2.78819e-05
926.045		2.37293e-05
926.804		2.43225e-05
927.564		2.07631e-05
928.323		2.61022e-05
929.082		2.25428e-05
929.841		2.25428e-05
930.601		2.13564e-05
931.36		2.13564e-05
932.119		2.66954e-05
932.878		2.61022e-05
933.638		2.84751e-05
934.397		2.96616e-05
935.156		3.08481e-05
935.915		2.13564e-05
936.675		2.96616e-05
937.434		2.66954e-05
938.193		1.89834e-05
938.952		2.84751e-05
939.711		2.19496e-05
940.471		2.19496e-05
941.23		2.49157e-05
941.989		2.66954e-05
942.748		2.49157e-05
943.508		2.01699e-05
944.267		2.90684e-05
945.026		2.43225e-05
945.785		2.37293e-05
946.545		2.49157e-05
947.304		2.43225e-05
948.063		2.90684e-05
948.822		2.61022e-05
949.582		2.37293e-05
950.341		2.31361e-05
951.1		1.42376e-05
951.859		2.84751e-05
952.619		2.5509e-05
953.378		2.96616e-05
954.137		1.72037e-05
954.896		2.61022e-05
955.656		2.31361e-05
956.415		2.13564e-05
957.174		3.20345e-05
957.933		2.13564e-05
958.692		3.20345e-05
959.452		1.95767e-05
960.211		2.37293e-05
960.97		2.19496e-05
961.729		2.13564e-05
962.489		2.78819e-05
963.248		2.01699e-05
964.007		2.66954e-05
964.766		2.66954e-05
965.526		2.13564e-05
966.285		2.13564e-05
967.044		1.95767e-05
967.803		1.95767e-05
968.563		2.07631e-05
969.322		1.95767e-05
970.081		2.5509e-05
970.84		2.07631e-05
971.6		1.89834e-05
972.359		2.61022e-05
973.118		1.60173e-05
973.877		2.49157e-05
974.637		2.66954e-05
975.396		2.37293e-05
976.155		1.7797e-05
976.914		1.72037e-05
977.673		2.31361e-05
978.433		2.43225e-05
979.192		1.72037e-05
979.951		1.95767e-05
980.71		2.37293e-05
981.47		1.72037e-05
982.229		1.60173e-05
982.988		1.12714e-05
983.747		1.83902e-05
984.507		1.83902e-05
985.266		1.72037e-05
986.025		1.42376e-05
986.784		2.43225e-05
987.544		1.83902e-05
988.303		1.36443e-05
989.062		1.89834e-05
989.821		1.95767e-05
990.581		1.7797e-05
991.34		1.60173e-05
992.099		1.7797e-05
992.858		1.83902e-05
993.618		2.01699e-05
994.377		1.72037e-05
995.136		1.83902e-05
995.895		1.95767e-05
996.654		1.60173e-05
997.414		1.95767e-05
998.173		1.89834e-05
998.932		1.7797e-05
999.691		1.83902e-05
1000.45		1.66105e-05
1001.21		1.95767e-05
1001.97		1.72037e-05
1002.73		1.89834e-05
1003.49		1.83902e-05
1004.25		1.60173e-05
1005.01		1.36443e-05
1005.77		1.66105e-05
1006.52		1.72037e-05
1007.28		2.01699e-05
1008.04		1.48308e-05
1008.8		1.95767e-05
1009.56		1.00849e-05
1010.32		1.66105e-05
1011.08		1.95767e-05
1011.84		2.01699e-05
1012.6		1.7797e-05
1013.36		1.5424e-05
1014.12		1.83902e-05
1014.88		1.7797e-05
1015.64		2.25428e-05
1016.39		1.7797e-05
1017.15		1.89834e-05
1017.91		2.01699e-05
1018.67		2.13564e-05
1019.43		1.36443e-05
1020.19		2.37293e-05
1020.95		2.07631e-05
1021.71		1.83902e-05
1022.47		2.13564e-05
1023.23		1.7797e-05
1023.99		1.89834e-05
1024.75		2.43225e-05
1025.51		1.48308e-05
1026.26		2.01699e-05
1027.02		2.19496e-05
1027.78		1.72037e-05
1028.54		2.19496e-05
1029.3		2.37293e-05
1030.06		1.95767e-05
1030.82		2.25428e-05
1031.58		2.01699e-05
1032.34		1.66105e-05
1033.1		2.31361e-05
1033.86		2.37293e-05
1034.62		2.43225e-05
1035.38		2.13564e-05
1036.13		2.61022e-05
1036.89		1.72037e-05
1037.65		1.95767e-05
1038.41		2.49157e-05
1039.17		2.84751e-05
1039.93		2.61022e-05
1040.69		2.25428e-05
1041.45		2.07631e-05
1042.21		2.84751e-05
1042.97		2.49157e-05
1043.73		2.07631e-05
1044.49		2.43225e-05
1045.25		1.72037e-05
1046.01		2.78819e-05
1046.76		2.49157e-05
1047.52		2.07631e-05
1048.28		2.72887e-05
1049.04		2.5509e-05
1049.8		2.84751e-05
1050.56		2.31361e-05
1051.32		2.19496e-05
1052.08		2.66954e-05
1052.84		2.90684e-05
1053.6		2.19496e-05
1054.36		1.95767e-05
1055.12		1.83902e-05
1055.88		1.7797e-05
1056.63		1.7797e-05
1057.39		2.49157e-05
1058.15		2.07631e-05
1058.91		1.60173e-05
1059.67		1.89834e-05
1060.43		1.95767e-05
1061.19		2.07631e-05
1061.95		1.60173e-05
1062.71		1.72037e-05
1063.47		1.95767e-05
1064.23		2.01699e-05
1064.99		1.7797e-05
1065.75		2.01699e-05
1066.5		1.83902e-05
1067.26		2.01699e-05
1068.02		1.48308e-05
1068.78		1.60173e-05
1069.54		1.72037e-05
1070.3		2.01699e-05
1071.06		1.36443e-05
1071.82		1.60173e-05
1072.58		1.48308e-05
1073.34		2.13564e-05
1074.1		1.30511e-05
1074.86		1.5424e-05
1075.62		1.24579e-05
1076.37		1.12714e-05
1077.13		1.60173e-05
1077.89		2.01699e-05
1078.65		1.48308e-05
1079.41		1.89834e-05
1080.17		1.60173e-05
1080.93		1.48308e-05
1081.69		2.01699e-05
1082.45		1.42376e-05
1083.21		1.24579e-05
1083.97		1.72037e-05
1084.73		1.7797e-05
1085.49		1.95767e-05
1086.24		2.25428e-05
1087		1.60173e-05
1087.76		1.95767e-05
1088.52		1.83902e-05
1089.28		1.42376e-05
1090.04		1.89834e-05
1090.8		1.60173e-05
1091.56		1.60173e-05
1092.32		2.31361e-05
1093.08		1.72037e-05
1093.84		2.07631e-05
1094.6		1.36443e-05
1095.36		1.60173e-05
1096.11		1.72037e-05
1096.87		1.7797e-05
1097.63		1.7797e-05
1098.39		1.89834e-05
1099.15		1.00849e-05
1099.91		1.89834e-05
1100.67		1.95767e-05
1101.43		1.00849e-05
1102.19		1.42376e-05
1102.95		1.48308e-05
1103.71		1.48308e-05
1104.47		2.43225e-05
1105.23		1.24579e-05
1105.99		2.01699e-05
1106.74		1.60173e-05
1107.5		1.5424e-05
1108.26		1.83902e-05
1109.02		1.18646e-05
1109.78		1.7797e-05
1110.54		1.42376e-05
1111.3		2.13564e-05
1112.06		1.42376e-05
1112.82		1.42376e-05
1113.58		1.7797e-05
1114.34		1.72037e-05
1115.1		1.36443e-05
1115.86		2.13564e-05
1116.61		1.66105e-05
1117.37		2.01699e-05
1118.13		1.60173e-05
1118.89		1.24579e-05
1119.65		1.60173e-05
1120.41		1.48308e-05
1121.17		1.72037e-05
1121.93		2.43225e-05
1122.69		2.19496e-05
1123.45		1.5424e-05
1124.21		1.7797e-05
1124.97		1.66105e-05
1125.73		1.95767e-05
1126.48		1.5424e-05
1127.24		1.89834e-05
1128		1.7797e-05
1128.76		1.5424e-05
1129.52		1.42376e-05
1130.28		1.18646e-05
1131.04		2.31361e-05
1131.8		1.5424e-05
1132.56		1.18646e-05
1133.32		2.43225e-05
1134.08		1.83902e-05
1134.84		1.48308e-05
1135.6		1.7797e-05
1136.35		2.84751e-05
1137.11		1.48308e-05
1137.87		1.66105e-05
1138.63		1.83902e-05
1139.39		1.7797e-05
1140.15		2.01699e-05
1140.91		2.37293e-05
1141.67		1.24579e-05
1142.43		1.95767e-05
1143.19		2.07631e-05
1143.95		1.42376e-05
1144.71		2.25428e-05
1145.47		1.66105e-05
1146.22		1.60173e-05
1146.98		2.25428e-05
1147.74		2.31361e-05
1148.5		2.13564e-05
1149.26		1.72037e-05
1150.02		2.13564e-05
1150.78		2.31361e-05
1151.54		2.01699e-05
1152.3		1.66105e-05
1153.06		2.43225e-05
1153.82		2.31361e-05
1154.58		2.49157e-05
1155.34		2.43225e-05
1156.09		3.38142e-05
1156.85		2.43225e-05
1157.61		2.90684e-05
1158.37		1.83902e-05
1159.13		2.07631e-05
1159.89		2.66954e-05
1160.65		2.84751e-05
1161.41		2.5509e-05
1162.17		2.84751e-05
1162.93		2.31361e-05
1163.69		2.90684e-05
1164.45		2.96616e-05
1165.21		2.5509e-05
1165.96		2.90684e-05
1166.72		2.78819e-05
1167.48		2.37293e-05
1168.24		2.31361e-05
1169		2.66954e-05
1169.76		3.14413e-05
1170.52		2.84751e-05
1171.28		2.72887e-05
1172.04		2.5509e-05
1172.8		2.78819e-05
1173.56		2.31361e-05
1174.32		3.26278e-05
1175.08		2.5509e-05
1175.84		2.61022e-05
1176.59		2.72887e-05
1177.35		2.5509e-05
1178.11		2.43225e-05
1178.87		2.13564e-05
1179.63		2.49157e-05
1180.39		2.66954e-05
1181.15		1.83902e-05
1181.91		2.37293e-05
1182.67		2.49157e-05
1183.43		2.31361e-05
1184.19		2.13564e-05
1184.95		2.43225e-05
1185.71		1.66105e-05
1186.46		2.01699e-05
1187.22		2.13564e-05
1187.98		2.61022e-05
1188.74		1.5424e-05
1189.5		2.07631e-05
1190.26		1.7797e-05
1191.02		2.5509e-05
1191.78		1.66105e-05
1192.54		1.95767e-05
1193.3		1.36443e-05
1194.06		1.72037e-05
1194.82		1.7797e-05
1195.58		2.07631e-05
1196.33		2.49157e-05
1197.09		1.66105e-05
1197.85		1.36443e-05
1198.61		1.5424e-05
1199.37		2.31361e-05
1200.13		1.30511e-05
1200.89		1.72037e-05
1201.65		1.42376e-05
1202.41		1.5424e-05
1203.17		2.25428e-05
1203.93		1.12714e-05
1204.69		1.72037e-05
1205.45		1.00849e-05
1206.2		1.30511e-05
1206.96		1.60173e-05
1207.72		1.60173e-05
1208.48		7.11878e-06
1209.24		1.00849e-05
1210		1.06782e-05
1210.76		1.12714e-05
1211.52		1.60173e-05
1212.28		1.24579e-05
1213.04		1.72037e-05
1213.8		1.18646e-05
1214.56		9.49171e-06
1215.32		1.18646e-05
1216.07		1.18646e-05
1216.83		1.00849e-05
1217.59		1.18646e-05
1218.35		1.18646e-05
1219.11		1.24579e-05
1219.87		1.60173e-05
1220.63		1.72037e-05
1221.39		1.30511e-05
1222.15		1.06782e-05
1222.91		1.12714e-05
1223.67		1.7797e-05
1224.43		1.48308e-05
1225.19		1.24579e-05
1225.94		1.06782e-05
1226.7		1.18646e-05
1227.46		1.00849e-05
1228.22		1.12714e-05
1228.98		1.06782e-05
1229.74		1.06782e-05
1230.5		1.5424e-05
1231.26		1.12714e-05
1232.02		1.30511e-05
1232.78		1.66105e-05
1233.54		1.06782e-05
1234.3		1.30511e-05
1235.06		1.66105e-05
1235.82		1.24579e-05
1236.57		1.18646e-05
1237.33		1.18646e-05
1238.09		1.18646e-05
1238.85		1.60173e-05
1239.61		1.12714e-05
1240.37		8.89848e-06
1241.13		8.30525e-06
1241.89		1.24579e-05
1242.65		1.12714e-05
1243.41		1.18646e-05
1244.17		1.12714e-05
1244.93		1.42376e-05
1245.69		9.49171e-06
1246.44		8.89848e-06
1247.2		1.12714e-05
1247.96		1.5424e-05
1248.72		1.72037e-05
1249.48		1.06782e-05
1250.24		9.49171e-06
1251		1.66105e-05
1251.76		1.18646e-05
1252.52		1.66105e-05
1253.28		1.24579e-05
1254.04		1.06782e-05
1254.8		7.71202e-06
1255.56		1.00849e-05
1256.31		1.36443e-05
1257.07		9.49171e-06
1257.83		1.42376e-05
1258.59		1.42376e-05
1259.35		8.30525e-06
1260.11		9.49171e-06
1260.87		7.11878e-06
1261.63		1.30511e-05
1262.39		1.00849e-05
1263.15		7.11878e-06
1263.91		1.30511e-05
1264.67		6.52555e-06
1265.43		8.89848e-06
1266.18		1.18646e-05
1266.94		1.06782e-05
1267.7		1.00849e-05
1268.46		1.06782e-05
1269.22		1.06782e-05
1269.98		5.93232e-06
1270.74		6.52555e-06
1271.5		6.52555e-06
1272.26		8.30525e-06
1273.02		1.24579e-05
1273.78		8.30525e-06
1274.54		1.06782e-05
1275.3		1.24579e-05
1276.05		8.89848e-06
1276.81		1.00849e-05
1277.57		1.06782e-05
1278.33		1.06782e-05
1279.09		1.06782e-05
1279.85		1.06782e-05
1280.61		7.71202e-06
1281.37		1.30511e-05
1282.13		1.06782e-05
1282.89		1.30511e-05
1283.65		8.30525e-06
1284.41		1.36443e-05
1285.17		9.49171e-06
1285.92		1.00849e-05
1286.68		9.49171e-06
1287.44		1.5424e-05
1288.2		1.18646e-05
1288.96		1.24579e-05
1289.72		8.89848e-06
1290.48		1.30511e-05
1291.24		1.18646e-05
1292		8.89848e-06
1292.76		1.95767e-05
1293.52		1.06782e-05
1294.28		9.49171e-06
1295.04		1.00849e-05
1295.8		1.5424e-05
1296.55		1.7797e-05
1297.31		1.66105e-05
1298.07		1.24579e-05
1298.83		1.12714e-05
1299.59		1.60173e-05
1300.35		1.60173e-05
1301.11		1.00849e-05
1301.87		8.89848e-06
1302.63		1.12714e-05
1303.39		1.30511e-05
1304.15		1.83902e-05
1304.91		1.18646e-05
1305.67		2.13564e-05
1306.42		1.36443e-05
1307.18		1.30511e-05
1307.94		1.89834e-05
1308.7		1.48308e-05
1309.46		1.12714e-05
1310.22		9.49171e-06
1310.98		1.60173e-05
1311.74		1.95767e-05
1312.5		1.48308e-05
1313.26		1.30511e-05
1314.02		2.19496e-05
1314.78		1.24579e-05
1315.54		1.18646e-05
1316.29		1.72037e-05
1317.05		2.25428e-05
1317.81		1.48308e-05
1318.57		1.66105e-05
1319.33		1.7797e-05
1320.09		2.01699e-05
1320.85		1.7797e-05
1321.61		2.25428e-05
1322.37		2.19496e-05
1323.13		2.66954e-05
1323.89		2.37293e-05
1324.65		1.7797e-05
1325.41		1.72037e-05
1326.16		2.01699e-05
1326.92		1.60173e-05
1327.68		2.31361e-05
1328.44		1.60173e-05
1329.2		1.5424e-05
1329.96		2.07631e-05
1330.72		1.95767e-05
1331.48		2.25428e-05
1332.24		2.72887e-05
1333		2.72887e-05
1333.76		2.13564e-05
1334.52		1.83902e-05
1335.28		1.95767e-05
1336.03		2.72887e-05
1336.79		2.01699e-05
1337.55		2.43225e-05
1338.31		2.01699e-05
1339.07		2.07631e-05
1339.83		2.61022e-05
1340.59		2.43225e-05
1341.35		1.95767e-05
1342.11		2.84751e-05
1342.87		2.43225e-05
1343.63		2.5509e-05
1344.39		3.38142e-05
1345.15		2.25428e-05
1345.9		2.13564e-05
1346.66		1.83902e-05
1347.42		2.49157e-05
1348.18		2.90684e-05
1348.94		2.66954e-05
1349.7		1.83902e-05
1350.46		2.31361e-05
1351.22		1.7797e-05
1351.98		2.5509e-05
1352.74		3.26278e-05
1353.5		2.61022e-05
1354.26		2.84751e-05
1355.02		2.19496e-05
1355.77		2.31361e-05
1356.53		3.20345e-05
1357.29		2.01699e-05
1358.05		3.02548e-05
1358.81		2.49157e-05
1359.57		2.5509e-05
1360.33		2.37293e-05
1361.09		1.95767e-05
1361.85		2.96616e-05
1362.61		1.95767e-05
1363.37		1.89834e-05
1364.13		2.78819e-05
1364.89		1.72037e-05
1365.65		2.01699e-05
1366.4		2.72887e-05
1367.16		2.66954e-05
1367.92		2.5509e-05
1368.68		1.42376e-05
1369.44		2.43225e-05
1370.2		2.31361e-05
1370.96		1.7797e-05
1371.72		1.72037e-05
1372.48		2.31361e-05
1373.24		1.72037e-05
1374		2.66954e-05
1374.76		1.66105e-05
1375.52		2.25428e-05
1376.27		2.13564e-05
1377.03		1.83902e-05
1377.79		1.83902e-05
1378.55		2.07631e-05
1379.31		1.66105e-05
1380.07		2.01699e-05
1380.83		1.36443e-05
1381.59		2.31361e-05
1382.35		1.5424e-05
1383.11		1.7797e-05
1383.87		2.25428e-05
1384.63		1.48308e-05
1385.39		1.42376e-05
1386.14		1.06782e-05
1386.9		1.30511e-05
1387.66		1.60173e-05
1388.42		9.49171e-06
1389.18		1.5424e-05
1389.94		2.19496e-05
1390.7		2.31361e-05
1391.46		1.66105e-05
1392.22		1.48308e-05
1392.98		1.18646e-05
1393.74		1.30511e-05
1394.5		1.36443e-05
1395.26		9.49171e-06
1396.01		1.36443e-05
1396.77		1.24579e-05
1397.53		1.48308e-05
1398.29		1.66105e-05
1399.05		1.5424e-05
1399.81		1.24579e-05
1400.57		1.48308e-05
1401.33		1.7797e-05
1402.09		1.60173e-05
1402.85		2.19496e-05
1403.61		1.60173e-05
1404.37		1.7797e-05
1405.13		1.42376e-05
1405.88		1.24579e-05
1406.64		1.48308e-05
1407.4		1.36443e-05
1408.16		1.00849e-05
1408.92		1.42376e-05
1409.68		1.24579e-05
1410.44		1.42376e-05
1411.2		1.36443e-05
1411.96		1.24579e-05
1412.72		8.89848e-06
1413.48		8.30525e-06
1414.24		1.24579e-05
1415		1.24579e-05
1415.75		1.18646e-05
1416.51		8.89848e-06
1417.27		1.12714e-05
1418.03		9.49171e-06
1418.79		1.12714e-05
1419.55		1.5424e-05
1420.31		1.42376e-05
1421.07		1.5424e-05
1421.83		1.00849e-05
1422.59		1.18646e-05
1423.35		1.42376e-05
1424.11		8.30525e-06
1424.87		1.00849e-05
1425.63		1.48308e-05
1426.38		1.00849e-05
1427.14		1.06782e-05
1427.9		1.36443e-05
1428.66		7.11878e-06
1429.42		1.06782e-05
1430.18		9.49171e-06
1430.94		1.48308e-05
1431.7		9.49171e-06
1432.46		1.18646e-05
1433.22		8.30525e-06
1433.98		8.30525e-06
1434.74		1.06782e-05
1435.5		1.60173e-05
1436.25		9.49171e-06
1437.01		9.49171e-06
1437.77		1.7797e-05
1438.53		1.18646e-05
1439.29		1.24579e-05
1440.05		1.30511e-05
1440.81		1.7797e-05
1441.57		9.49171e-06
1442.33		1.24579e-05
1443.09		1.12714e-05
1443.85		9.49171e-06
1444.61		1.48308e-05
1445.37		1.83902e-05
1446.12		1.5424e-05
1446.88		1.06782e-05
1447.64		1.00849e-05
1448.4		1.12714e-05
1449.16		1.30511e-05
1449.92		1.24579e-05
1450.68		1.18646e-05
1451.44		1.42376e-05
1452.2		1.72037e-05
1452.96		1.36443e-05
1453.72		1.18646e-05
1454.48		1.06782e-05
1455.24		1.42376e-05
1455.99		1.24579e-05
1456.75		1.83902e-05
1457.51		1.18646e-05
1458.27		1.83902e-05
1459.03		1.5424e-05
1459.79		1.5424e-05
1460.55		8.89848e-06
1461.31		1.83902e-05
1462.07		1.72037e-05
1462.83		1.5424e-05
1463.59		1.12714e-05
1464.35		1.48308e-05
1465.11		1.72037e-05
1465.86		1.30511e-05
1466.62		1.42376e-05
1467.38		1.30511e-05
1468.14		1.30511e-05
1468.9		1.48308e-05
1469.66		1.95767e-05
1470.42		1.00849e-05
1471.18		1.60173e-05
1471.94		1.06782e-05
1472.7		1.60173e-05
1473.46		1.00849e-05
1474.22		1.36443e-05
1474.98		1.42376e-05
1475.73		1.30511e-05
1476.49		1.06782e-05
1477.25		1.12714e-05
1478.01		5.93232e-06
1478.77		1.00849e-05
1479.53		1.30511e-05
1480.29		1.42376e-05
1481.05		1.06782e-05
1481.81		1.24579e-05
1482.57		1.18646e-05
1483.33		1.24579e-05
1484.09		1.12714e-05
1484.85		1.18646e-05
1485.61		1.18646e-05
1486.36		9.49171e-06
1487.12		8.89848e-06
1487.88		1.30511e-05
1488.64		8.30525e-06
1489.4		4.74586e-06
1490.16		8.89848e-06
1490.92		9.49171e-06
1491.68		9.49171e-06
1492.44		5.93232e-06
1493.2		7.11878e-06
1493.96		8.30525e-06
1494.72		1.18646e-05
1495.48		1.06782e-05
1496.23		6.52555e-06
1496.99		8.30525e-06
1497.75		9.49171e-06
1498.51		6.52555e-06
1499.27		8.89848e-06
1500.03		7.11878e-06
1500.79		1.06782e-05
1501.55		5.33909e-06
1502.31		7.11878e-06
1503.07		4.74586e-06
1503.83		5.93232e-06
1504.59		7.71202e-06
1505.35		5.93232e-06
1506.1		9.49171e-06
1506.86		7.71202e-06
1507.62		5.93232e-06
1508.38		7.71202e-06
1509.14		5.33909e-06
1509.9		1.06782e-05
1510.66		5.33909e-06
1511.42		6.52555e-06
1512.18		5.93232e-06
1512.94		7.71202e-06
1513.7		5.33909e-06
1514.46		1.12714e-05
1515.22		7.71202e-06
1515.97		5.93232e-06
1516.73		6.52555e-06
1517.49		8.30525e-06
1518.25		6.52555e-06
1519.01		6.52555e-06
1519.77		6.52555e-06
1520.53		3.55939e-06
1521.29		6.52555e-06
1522.05		6.52555e-06
1522.81		5.33909e-06
1523.57		8.89848e-06
1524.33		4.74586e-06
1525.09		6.52555e-06
1525.84		6.52555e-06
1526.6		4.74586e-06
1527.36		5.33909e-06
1528.12		7.71202e-06
1528.88		5.33909e-06
1529.64		3.55939e-06
1530.4		2.96616e-06
1531.16		4.74586e-06
1531.92		4.15262e-06
1532.68		2.37293e-06
1533.44		7.71202e-06
1534.2		2.96616e-06
1534.96		4.15262e-06
1535.71		5.93232e-06
1536.47		2.37293e-06
1537.23		2.96616e-06
1537.99		4.15262e-06
1538.75		3.55939e-06
1539.51		5.93232e-06
1540.27		1.7797e-06
1541.03		1.7797e-06
1541.79		6.52555e-06
1542.55		2.37293e-06
1543.31		4.74586e-06
1544.07		3.55939e-06
1544.83		5.93232e-06
1545.58		5.33909e-06
1546.34		4.15262e-06
1547.1		5.33909e-06
1547.86		3.55939e-06
1548.62		2.96616e-06
1549.38		3.55939e-06
1550.14		4.74586e-06
1550.9		2.96616e-06
1551.66		2.96616e-06
1552.42		3.55939e-06
1553.18		1.7797e-06
1553.94		2.96616e-06
1554.7		1.18646e-06
1555.46		4.74586e-06
1556.21		2.37293e-06
1556.97		2.37293e-06
1557.73		3.55939e-06
1558.49		2.96616e-06
1559.25		1.7797e-06
1560.01		2.96616e-06
1560.77		1.7797e-06
1561.53		2.96616e-06
1562.29		2.96616e-06
1563.05		5.93232e-06
1563.81		2.96616e-06
1564.57		5.33909e-06
1565.33		5.33909e-06
1566.08		5.93232e-07
1566.84		2.96616e-06
1567.6		2.37293e-06
1568.36		2.37293e-06
1569.12		1.7797e-06
1569.88		1.7797e-06
1570.64		1.7797e-06
1571.4		3.55939e-06
1572.16		5.33909e-06
1572.92		5.93232e-06
1573.68		2.96616e-06
1574.44		2.37293e-06
1575.2		5.33909e-06
1575.95		5.33909e-06
1576.71		4.15262e-06
1577.47		6.52555e-06
1578.23		5.93232e-06
1578.99		5.33909e-06
1579.75		2.37293e-06
1580.51		2.96616e-06
1581.27		7.11878e-06
1582.03		4.15262e-06
1582.79		1.18646e-06
1583.55		1.18646e-06
1584.31		5.33909e-06
1585.07		4.15262e-06
1585.82		4.15262e-06
1586.58		3.55939e-06
1587.34		4.74586e-06
1588.1		6.52555e-06
1588.86		2.37293e-06
1589.62		4.15262e-06
1590.38		7.11878e-06
1591.14		1.7797e-06
1591.9		3.55939e-06
1592.66		2.37293e-06
1593.42		4.15262e-06
1594.18		3.55939e-06
1594.94		1.18646e-06
1595.69		4.74586e-06
1596.45		5.33909e-06
1597.21		3.55939e-06
1597.97		2.96616e-06
1598.73		2.37293e-06
1599.49		2.37293e-06
1600.25		3.55939e-06
1601.01		4.15262e-06
1601.77		5.33909e-06
1602.53		4.74586e-06
1603.29		2.96616e-06
1604.05		3.55939e-06
1604.81		4.15262e-06
1605.56		2.37293e-06
1606.32		4.15262e-06
1607.08		4.74586e-06
1607.84		4.74586e-06
1608.6		2.96616e-06
1609.36		5.33909e-06
1610.12		2.96616e-06
1610.88		4.74586e-06
1611.64		2.96616e-06
1612.4		4.15262e-06
1613.16		1.7797e-06
1613.92		2.37293e-06
1614.68		4.15262e-06
1615.44		4.74586e-06
1616.19		5.33909e-06
1616.95		2.37293e-06
1617.71		3.55939e-06
1618.47		4.15262e-06
1619.23		4.74586e-06
1619.99		5.33909e-06
1620.75		1.7797e-06
1621.51		3.55939e-06
1622.27		4.15262e-06
1623.03		2.96616e-06
1623.79		1.7797e-06
1624.55		4.74586e-06
1625.31		1.18646e-06
1626.06		4.74586e-06
1626.82		4.15262e-06
1627.58		4.74586e-06
1628.34		2.96616e-06
1629.1		4.15262e-06
1629.86		4.74586e-06
1630.62		3.55939e-06
1631.38		2.37293e-06
1632.14		7.11878e-06
1632.9		5.93232e-06
1633.66		5.33909e-06
1634.42		2.96616e-06
1635.18		5.33909e-06
1635.93		5.33909e-06
1636.69		2.37293e-06
1637.45		2.96616e-06
1638.21		4.74586e-06
1638.97		7.11878e-06
1639.73		5.33909e-06
1640.49		7.11878e-06
1641.25		8.89848e-06
1642.01		7.11878e-06
1642.77		4.15262e-06
1643.53		5.33909e-06
1644.29		3.55939e-06
1645.05		6.52555e-06
1645.8		4.15262e-06
1646.56		1.00849e-05
1647.32		1.42376e-05
1648.08		1.00849e-05
1648.84		1.24579e-05
1649.6		8.30525e-06
1650.36		8.89848e-06
1651.12		7.11878e-06
1651.88		1.06782e-05
1652.64		1.06782e-05
1653.4		1.24579e-05
1654.16		5.93232e-06
1654.92		1.48308e-05
1655.67		8.89848e-06
1656.43		1.66105e-05
1657.19		1.42376e-05
1657.95		1.89834e-05
1658.71		1.06782e-05
1659.47		1.48308e-05
1660.23		1.83902e-05
1660.99		1.66105e-05
1661.75		1.24579e-05
1662.51		1.66105e-05
1663.27		1.72037e-05
1664.03		1.60173e-05
1664.79		2.13564e-05
1665.54		1.60173e-05
1666.3		1.83902e-05
1667.06		1.89834e-05
1667.82		2.78819e-05
1668.58		2.19496e-05
1669.34		2.90684e-05
1670.1		3.14413e-05
1670.86		3.08481e-05
1671.62		3.3221e-05
1672.38		2.78819e-05
1673.14		2.61022e-05
1673.9		2.43225e-05
1674.66		3.08481e-05
1675.42		2.78819e-05
1676.17		3.50007e-05
1676.93		3.14413e-05
1677.69		3.91533e-05
1678.45		4.21195e-05
1679.21		2.66954e-05
1679.97		3.67804e-05
1680.73		3.20345e-05
1681.49		3.85601e-05
1682.25		3.38142e-05
1683.01		3.73736e-05
1683.77		3.61872e-05
1684.53		3.73736e-05
1685.29		3.91533e-05
1686.04		3.97465e-05
1686.8		3.97465e-05
1687.56		4.56789e-05
1688.32		3.26278e-05
1689.08		2.72887e-05
1689.84		3.55939e-05
1690.6		3.85601e-05
1691.36		3.55939e-05
1692.12		3.73736e-05
1692.88		3.85601e-05
1693.64		3.26278e-05
1694.4		3.61872e-05
1695.16		3.55939e-05
1695.91		4.15262e-05
1696.67		3.85601e-05
1697.43		4.15262e-05
1698.19		3.44075e-05
1698.95		2.13564e-05
1699.71		2.49157e-05
1700.47		3.08481e-05
1701.23		1.95767e-05
1701.99		2.37293e-05
1702.75		2.01699e-05
1703.51		3.20345e-05
1704.27		2.84751e-05
1705.03		2.61022e-05
1705.78		2.96616e-05
1706.54		2.72887e-05
1707.3		2.49157e-05
1708.06		2.25428e-05
1708.82		2.25428e-05
1709.58		1.7797e-05
1710.34		1.7797e-05
1711.1		2.5509e-05
1711.86		2.43225e-05
1712.62		2.78819e-05
1713.38		2.13564e-05
1714.14		2.07631e-05
1714.9		2.5509e-05
1715.65		1.5424e-05
1716.41		1.30511e-05
1717.17		1.95767e-05
1717.93		1.83902e-05
1718.69		1.30511e-05
1719.45		1.18646e-05
1720.21		1.24579e-05
1720.97		1.60173e-05
1721.73		7.11878e-06
1722.49		1.30511e-05
1723.25		1.00849e-05
1724.01		1.18646e-05
1724.77		8.89848e-06
1725.52		8.30525e-06
1726.28		7.71202e-06
1727.04		7.71202e-06
1727.8		8.89848e-06
1728.56		3.55939e-06
1729.32		9.49171e-06
1730.08		7.71202e-06
1730.84		7.71202e-06
1731.6		5.33909e-06
1732.36		6.52555e-06
1733.12		5.33909e-06
1733.88		6.52555e-06
1734.64		4.74586e-06
1735.39		7.11878e-06
1736.15		5.33909e-06
1736.91		4.15262e-06
1737.67		1.12714e-05
1738.43		8.30525e-06
1739.19		2.37293e-06
1739.95		4.15262e-06
1740.71		2.96616e-06
1741.47		7.11878e-06
1742.23		3.55939e-06
1742.99		3.55939e-06
1743.75		3.55939e-06
1744.51		2.96616e-06
1745.27		4.15262e-06
1746.02		2.96616e-06
1746.78		2.37293e-06
1747.54		4.15262e-06
1748.3		4.74586e-06
1749.06		6.52555e-06
1749.82		3.55939e-06
1750.58		2.37293e-06
1751.34		4.74586e-06
1752.1		3.55939e-06
1752.86		5.33909e-06
1753.62		3.55939e-06
1754.38		6.52555e-06
1755.14		3.55939e-06
1755.89		4.74586e-06
1756.65		2.37293e-06
1757.41		5.33909e-06
1758.17		1.18646e-06
1758.93		5.33909e-06
1759.69		4.74586e-06
1760.45		2.96616e-06
1761.21		2.37293e-06
1761.97		4.74586e-06
1762.73		2.37293e-06
1763.49		1.7797e-06
1764.25		2.96616e-06
1765.01		5.93232e-07
1765.76		1.7797e-06
1766.52		2.37293e-06
1767.28		2.96616e-06
1768.04		4.15262e-06
1768.8		2.96616e-06
1769.56		1.7797e-06
1770.32		6.52555e-06
1771.08		2.37293e-06
1771.84		1.7797e-06
1772.6		5.33909e-06
1773.36		4.15262e-06
1774.12		1.18646e-06
1774.88		5.93232e-07
1775.63		1.18646e-06
1776.39		5.93232e-07
1777.15		2.96616e-06
1777.91		1.18646e-06
1778.67		1.7797e-06
1779.43		2.37293e-06
1780.19		1.18646e-06
1780.95		4.74586e-06
1781.71		1.7797e-06
1782.47		2.96616e-06
1783.23		2.37293e-06
1783.99		2.96616e-06
1784.75		3.55939e-06
1785.5		1.7797e-06
1786.26		1.7797e-06
1787.02		1.18646e-06
1787.78		2.37293e-06
1788.54		4.74586e-06
1789.3		1.7797e-06
1790.06		5.93232e-07
1790.82		3.55939e-06
1791.58		1.7797e-06
1792.34		1.7797e-06
1793.1		2.96616e-06
1793.86		5.93232e-07
1794.62		2.37293e-06
1795.37		0
1796.13		3.55939e-06
1796.89		0
1797.65		1.7797e-06
1798.41		1.18646e-06
1799.17		2.37293e-06
1799.93		3.55939e-06
1800.69		5.93232e-07
1801.45		5.93232e-07
1802.21		2.37293e-06
1802.97		2.37293e-06
1803.73		2.96616e-06
1804.49		5.93232e-07
1805.25		1.18646e-06
1806		5.93232e-07
1806.76		2.96616e-06
1807.52		1.18646e-06
1808.28		2.37293e-06
1809.04		1.7797e-06
1809.8		5.93232e-07
1810.56		1.7797e-06
1811.32		1.18646e-06
1812.08		1.18646e-06
1812.84		1.18646e-06
1813.6		1.7797e-06
1814.36		5.93232e-07
1815.12		0
1815.87		1.18646e-06
1816.63		0
1817.39		2.96616e-06
1818.15		2.96616e-06
1818.91		1.7797e-06
1819.67		5.93232e-07
1820.43		0
1821.19		1.7797e-06
1821.95		1.7797e-06
1822.71		1.7797e-06
1823.47		1.7797e-06
1824.23		5.93232e-07
1824.99		1.18646e-06
1825.74		1.18646e-06
1826.5		1.18646e-06
1827.26		5.93232e-07
1828.02		1.7797e-06
1828.78		1.18646e-06
1829.54		1.7797e-06
1830.3		2.96616e-06
1831.06		2.37293e-06
1831.82		2.37293e-06
1832.58		2.37293e-06
1833.34		5.93232e-07
1834.1		0
1834.86		5.93232e-07
1835.61		5.93232e-07
1836.37		1.7797e-06
1837.13		0
1837.89		1.18646e-06
1838.65		1.18646e-06
1839.41		1.18646e-06
1840.17		1.7797e-06
1840.93		0
1841.69		1.18646e-06
1842.45		0
1843.21		1.18646e-06
1843.97		2.37293e-06
1844.73		2.37293e-06
1845.48		0
1846.24		1.7797e-06
1847		1.18646e-06
1847.76		1.7797e-06
1848.52		1.7797e-06
1849.28		5.93232e-07
1850.04		1.18646e-06
1850.8		0
1851.56		1.18646e-06
1852.32		0
1853.08		1.18646e-06
1853.84		1.7797e-06
1854.6		2.96616e-06
1855.35		5.93232e-07
1856.11		2.96616e-06
1856.87		1.18646e-06
1857.63		5.93232e-07
1858.39		0
1859.15		1.18646e-06
1859.91		0
1860.67		0
1861.43		5.93232e-07
1862.19		1.18646e-06
1862.95		0
1863.71		5.93232e-07
1864.47		0
1865.23		5.93232e-07
1865.98		1.7797e-06
1866.74		2.96616e-06
1867.5		2.37293e-06
1868.26		5.93232e-07
1869.02		5.93232e-07
1869.78		1.7797e-06
1870.54		1.18646e-06
1871.3		0
1872.06		1.18646e-06
1872.82		1.18646e-06
1873.58		5.93232e-07
1874.34		1.18646e-06
1875.1		1.18646e-06
1875.85		0
1876.61		5.93232e-07
1877.37		5.93232e-07
1878.13		1.18646e-06
1878.89		5.93232e-07
1879.65		2.37293e-06
1880.41		1.7797e-06
1881.17		1.18646e-06
1881.93		5.93232e-07
1882.69		5.93232e-07
1883.45		1.18646e-06
1884.21		0
1884.97		0
1885.72		0
1886.48		5.93232e-07
1887.24		5.93232e-07
1888		1.18646e-06
1888.76		2.96616e-06
1889.52		1.18646e-06
1890.28		5.93232e-07
1891.04		1.18646e-06
1891.8		1.18646e-06
1892.56		5.93232e-07
1893.32		0
1894.08		5.93232e-07
1894.84		1.7797e-06
1895.59		2.37293e-06
1896.35		0
1897.11		0
1897.87		0
1898.63		5.93232e-07
1899.39		0
1900.15		1.18646e-06
1900.91		5.93232e-07
1901.67		0
1902.43		1.18646e-06
1903.19		1.18646e-06
1903.95		1.18646e-06
1904.71		1.18646e-06
1905.46		0
1906.22		0
1906.98		0
1907.74		5.93232e-07
1908.5		5.93232e-07
1909.26		5.93232e-07
1910.02		1.7797e-06
1910.78		1.18646e-06
1911.54		5.93232e-07
1912.3		1.7797e-06
1913.06		5.93232e-07
1913.82		5.93232e-07
1914.58		0
1915.33		0
1916.09		5.93232e-07
1916.85		0
1917.61		2.37293e-06
1918.37		1.18646e-06
1919.13		1.18646e-06
1919.89		5.93232e-07
1920.65		1.18646e-06
1921.41		5.93232e-07
1922.17		1.18646e-06
1922.93		1.18646e-06
1923.69		1.18646e-06
1924.45		1.18646e-06
1925.2		5.93232e-07
1925.96		5.93232e-07
1926.72		0
1927.48		5.93232e-07
1928.24		1.18646e-06
1929		2.37293e-06
1929.76		0
1930.52		0
1931.28		5.93232e-07
1932.04		1.18646e-06
1932.8		1.18646e-06
1933.56		1.18646e-06
1934.32		5.93232e-07
1935.08		5.93232e-07
1935.83		5.93232e-07
1936.59		1.18646e-06
1937.35		0
1938.11		1.18646e-06
1938.87		0
1939.63		0
1940.39		5.93232e-07
1941.15		1.18646e-06
1941.91		5.93232e-07
1942.67		5.93232e-07
1943.43		0
1944.19		1.18646e-06
1944.95		0
1945.7		5.93232e-07
1946.46		5.93232e-07
1947.22		0
1947.98		5.93232e-07
1948.74		1.7797e-06
1949.5		5.93232e-07
1950.26		0
1951.02		5.93232e-07
1951.78		0
1952.54		1.18646e-06
1953.3		0
1954.06		5.93232e-07
1954.82		1.18646e-06
1955.57		0
1956.33		5.93232e-07
1957.09		5.93232e-07
1957.85		5.93232e-07
1958.61		5.93232e-07
1959.37		0
1960.13		1.18646e-06
1960.89		5.93232e-07
1961.65		0
1962.41		0
1963.17		0
1963.93		5.93232e-07
1964.69		2.37293e-06
1965.44		5.93232e-07
1966.2		1.7797e-06
1966.96		5.93232e-07
1967.72		5.93232e-07
1968.48		2.37293e-06
1969.24		5.93232e-07
1970		1.7797e-06
1970.76		0
1971.52		0
1972.28		5.93232e-07
1973.04		0
1973.8		1.18646e-06
1974.56		5.93232e-07
1975.31		2.96616e-06
1976.07		5.93232e-07
1976.83		1.18646e-06
1977.59		0
1978.35		0
1979.11		5.93232e-07
1979.87		5.93232e-07
1980.63		0
1981.39		1.18646e-06
1982.15		1.18646e-06
1982.91		0
1983.67		1.18646e-06
1984.43		5.93232e-07
1985.18		0
1985.94		0
1986.7		1.18646e-06
1987.46		5.93232e-07
1988.22		5.93232e-07
1988.98		5.93232e-07
1989.74		0
1990.5		5.93232e-07
1991.26		5.93232e-07
1992.02		1.18646e-06
1992.78		0
1993.54		0
1994.3		1.18646e-06
1995.06		5.93232e-07
1995.81		0
1996.57		5.93232e-07
1997.33		1.7797e-06
1998.09		5.93232e-07
1998.85		0
1999.61		1.7797e-06
2000.37		0
2001.13		5.93232e-07
2001.89		0
2002.65		5.93232e-07
2003.41		0
2004.17		5.93232e-07
2004.93		5.93232e-07
2005.68		1.18646e-06
2006.44		5.93232e-07
2007.2		1.7797e-06
2007.96		1.7797e-06
2008.72		1.7797e-06
2009.48		5.93232e-07
2010.24		1.7797e-06
2011		0
2011.76		0
2012.52		0
2013.28		5.93232e-07
2014.04		1.7797e-06
2014.8		5.93232e-07
2015.55		5.93232e-07
2016.31		0
2017.07		2.96616e-06
2017.83		5.93232e-07
2018.59		0
2019.35		1.7797e-06
2020.11		5.93232e-07
2020.87		1.18646e-06
2021.63		5.93232e-07
2022.39		0
2023.15		0
2023.91		5.93232e-07
2024.67		5.93232e-07
2025.42		0
2026.18		1.18646e-06
2026.94		5.93232e-07
2027.7		1.7797e-06
2028.46		1.18646e-06
2029.22		5.93232e-07
2029.98		2.37293e-06
2030.74		1.18646e-06
2031.5		1.18646e-06
2032.26		0
2033.02		1.18646e-06
2033.78		1.7797e-06
2034.54		5.93232e-07
2035.29		5.93232e-07
2036.05		5.93232e-07
2036.81		5.93232e-07
2037.57		5.93232e-07
2038.33		5.93232e-07
2039.09		1.7797e-06
2039.85		1.7797e-06
2040.61		1.18646e-06
2041.37		1.18646e-06
2042.13		1.18646e-06
2042.89		1.7797e-06
2043.65		0
2044.41		5.93232e-07
2045.16		0
2045.92		1.18646e-06
2046.68		5.93232e-07
2047.44		2.37293e-06
2048.2		1.18646e-06
2048.96		5.93232e-07
2049.72		4.15262e-06
2050.48		1.7797e-06
2051.24		2.96616e-06
2052		1.7797e-06
2052.76		1.7797e-06
2053.52		2.96616e-06
2054.28		1.7797e-06
2055.04		4.15262e-06
2055.79		2.37293e-06
2056.55		1.7797e-06
2057.31		2.96616e-06
2058.07		1.7797e-06
2058.83		1.18646e-06
2059.59		2.37293e-06
2060.35		2.96616e-06
2061.11		2.96616e-06
2061.87		5.93232e-07
2062.63		1.7797e-06
2063.39		1.7797e-06
2064.15		5.33909e-06
2064.91		1.7797e-06
2065.66		1.18646e-06
2066.42		4.74586e-06
2067.18		3.55939e-06
2067.94		2.37293e-06
2068.7		1.18646e-06
2069.46		4.15262e-06
2070.22		4.15262e-06
2070.98		3.55939e-06
2071.74		2.37293e-06
2072.5		2.96616e-06
2073.26		4.15262e-06
2074.02		2.37293e-06
2074.78		5.33909e-06
2075.53		3.55939e-06
2076.29		4.15262e-06
2077.05		5.93232e-06
2077.81		2.96616e-06
2078.57		4.15262e-06
2079.33		2.96616e-06
2080.09		2.96616e-06
2080.85		5.33909e-06
2081.61		2.96616e-06
2082.37		3.55939e-06
2083.13		2.96616e-06
2083.89		4.74586e-06
2084.65		2.37293e-06
2085.4		2.96616e-06
2086.16		7.11878e-06
2086.92		6.52555e-06
2087.68		4.15262e-06
2088.44		5.93232e-06
2089.2		3.55939e-06
2089.96		2.96616e-06
2090.72		1.7797e-06
2091.48		3.55939e-06
2092.24		4.15262e-06
2093		2.96616e-06
2093.76		5.93232e-06
2094.52		3.55939e-06
2095.27		1.18646e-06
2096.03		3.55939e-06
2096.79		2.37293e-06
2097.55		2.37293e-06
2098.31		5.33909e-06
2099.07		3.55939e-06
2099.83		2.37293e-06
2100.59		2.37293e-06
2101.35		3.55939e-06
2102.11		4.74586e-06
2102.87		6.52555e-06
2103.63		4.15262e-06
2104.39		2.37293e-06
2105.14		2.96616e-06
2105.9		2.37293e-06
2106.66		4.74586e-06
2107.42		2.37293e-06
2108.18		2.37293e-06
2108.94		3.55939e-06
2109.7		2.37293e-06
2110.46		2.96616e-06
2111.22		1.18646e-06
2111.98		2.96616e-06
2112.74		3.55939e-06
2113.5		2.37293e-06
2114.26		2.96616e-06
2115.01		2.37293e-06
2115.77		2.96616e-06
2116.53		2.37293e-06
2117.29		2.37293e-06
2118.05		2.96616e-06
2118.81		1.7797e-06
2119.57		2.37293e-06
2120.33		3.55939e-06
2121.09		1.7797e-06
2121.85		2.37293e-06
2122.61		5.93232e-07
2123.37		1.7797e-06
2124.13		3.55939e-06
2124.89		0
2125.64		1.18646e-06
2126.4		2.37293e-06
2127.16		3.55939e-06
2127.92		1.18646e-06
2128.68		1.18646e-06
2129.44		1.7797e-06
2130.2		5.93232e-07
2130.96		1.18646e-06
2131.72		5.93232e-07
2132.48		0
2133.24		5.93232e-07
2134		1.18646e-06
2134.76		1.7797e-06
2135.51		0
2136.27		0
2137.03		2.37293e-06
2137.79		1.18646e-06
2138.55		5.93232e-07
2139.31		5.93232e-07
2140.07		5.93232e-07
2140.83		5.93232e-07
2141.59		1.7797e-06
2142.35		0
2143.11		2.37293e-06
2143.87		1.18646e-06
2144.63		5.93232e-07
2145.38		1.7797e-06
2146.14		5.93232e-07
2146.9		2.96616e-06
2147.66		1.18646e-06
2148.42		3.55939e-06
2149.18		5.93232e-07
2149.94		1.18646e-06
2150.7		1.7797e-06
2151.46		1.18646e-06
2152.22		0
2152.98		0
2153.74		1.7797e-06
2154.5		1.18646e-06
2155.25		1.7797e-06
2156.01		0
2156.77		5.93232e-07
2157.53		1.18646e-06
2158.29		0
2159.05		1.18646e-06
2159.81		5.93232e-07
2160.57		5.93232e-07
2161.33		0
2162.09		2.96616e-06
2162.85		5.93232e-07
2163.61		0
2164.37		1.18646e-06
2165.12		5.93232e-07
2165.88		1.18646e-06
2166.64		1.18646e-06
2167.4		1.18646e-06
2168.16		1.7797e-06
2168.92		1.7797e-06
2169.68		1.18646e-06
2170.44		5.93232e-07
2171.2		5.93232e-07
2171.96		5.93232e-07
2172.72		0
2173.48		5.93232e-07
2174.24		1.18646e-06
2174.99		1.7797e-06
2175.75		0
2176.51		5.93232e-07
2177.27		1.18646e-06
2178.03		0
2178.79		5.93232e-07
2179.55		5.93232e-07
2180.31		5.93232e-07
2181.07		5.93232e-07
2181.83		1.18646e-06
2182.59		5.93232e-07
2183.35		5.93232e-07
2184.11		5.93232e-07
2184.87		1.18646e-06
2185.62		5.93232e-07
2186.38		5.93232e-07
2187.14		1.18646e-06
2187.9		5.93232e-07
2188.66		5.93232e-07
2189.42		1.18646e-06
2190.18		2.37293e-06
2190.94		5.93232e-07
2191.7		1.18646e-06
2192.46		5.93232e-07
2193.22		0
2193.98		5.93232e-07
2194.74		1.18646e-06
2195.49		5.93232e-07
2196.25		0
2197.01		5.93232e-07
2197.77		5.93232e-07
2198.53		5.93232e-07
2199.29		5.93232e-07
2200.05		5.93232e-07
2200.81		1.18646e-06
2201.57		1.7797e-06
2202.33		1.18646e-06
2203.09		1.18646e-06
2203.85		1.18646e-06
2204.61		1.18646e-06
2205.36		2.96616e-06
2206.12		5.93232e-07
2206.88		1.18646e-06
2207.64		5.93232e-07
2208.4		0
2209.16		0
2209.92		5.93232e-07
2210.68		1.18646e-06
2211.44		5.93232e-07
2212.2		1.18646e-06
2212.96		2.37293e-06
2213.72		0
2214.48		5.93232e-07
2215.23		1.18646e-06
2215.99		5.93232e-07
2216.75		5.93232e-07
2217.51		5.93232e-07
2218.27		0
2219.03		0
2219.79		0
2220.55		1.18646e-06
2221.31		5.93232e-07
2222.07		5.93232e-07
2222.83		1.7797e-06
2223.59		5.93232e-07
2224.35		0
2225.1		0
2225.86		0
2226.62		5.93232e-07
2227.38		5.93232e-07
2228.14		1.18646e-06
2228.9		5.93232e-07
2229.66		5.93232e-07
2230.42		5.93232e-07
2231.18		0
2231.94		5.93232e-07
2232.7		0
2233.46		0
2234.22		1.18646e-06
2234.97		1.18646e-06
2235.73		0
2236.49		5.93232e-07
2237.25		5.93232e-07
2238.01		0
2238.77		5.93232e-07
2239.53		5.93232e-07
2240.29		5.93232e-07
2241.05		0
2241.81		1.18646e-06
2242.57		5.93232e-07
2243.33		0
2244.09		5.93232e-07
2244.85		5.93232e-07
2245.6		0
2246.36		5.93232e-07
2247.12		5.93232e-07
2247.88		0
2248.64		1.18646e-06
2249.4		0
2250.16		5.93232e-07
2250.92		1.18646e-06
2251.68		1.18646e-06
2252.44		0
2253.2		5.93232e-07
2253.96		0
2254.72		0
2255.47		0
2256.23		0
2256.99		0
2257.75		0
2258.51		1.18646e-06
2259.27		5.93232e-07
2260.03		5.93232e-07
2260.79		1.18646e-06
2261.55		1.18646e-06
2262.31		0
2263.07		1.18646e-06
2263.83		3.55939e-06
2264.59		5.93232e-07
2265.34		5.93232e-07
2266.1		1.18646e-06
2266.86		5.93232e-07
2267.62		1.18646e-06
2268.38		5.93232e-07
2269.14		5.93232e-07
2269.9		5.93232e-07
2270.66		0
2271.42		1.18646e-06
2272.18		0
2272.94		0
2273.7		0
2274.46		1.7797e-06
2275.21		0
2275.97		5.93232e-07
2276.73		5.93232e-07
2277.49		5.93232e-07
2278.25		1.18646e-06
2279.01		5.93232e-07
2279.77		5.93232e-07
2280.53		0
2281.29		5.93232e-07
2282.05		0
2282.81		0
2283.57		0
2284.33		5.93232e-07
2285.08		5.93232e-07
2285.84		5.93232e-07
2286.6		5.93232e-07
2287.36		0
2288.12		5.93232e-07
2288.88		1.18646e-06
2289.64		5.93232e-07
2290.4		1.18646e-06
2291.16		5.93232e-07
2291.92		0
2292.68		0
2293.44		0
2294.2		1.7797e-06
2294.95		5.93232e-07
2295.71		0
2296.47		0
2297.23		0
2297.99		5.93232e-07
2298.75		0
2299.51		0
2300.27		0
2301.03		0
2301.79		0
2302.55		0
2303.31		5.93232e-07
2304.07		5.93232e-07
2304.82		5.93232e-07
2305.58		5.93232e-07
2306.34		5.93232e-07
2307.1		5.93232e-07
2307.86		5.93232e-07
2308.62		0
2309.38		5.93232e-07
2310.14		5.93232e-07
2310.9		5.93232e-07
2311.66		0
2312.42		0
2313.18		5.93232e-07
2313.94		5.93232e-07
2314.7		5.93232e-07
2315.45		0
2316.21		5.93232e-07
2316.97		0
2317.73		5.93232e-07
2318.49		1.18646e-06
2319.25		0
2320.01		5.93232e-07
2320.77		5.93232e-07
2321.53		5.93232e-07
2322.29		0
2323.05		5.93232e-07
2323.81		5.93232e-07
2324.57		0
2325.32		1.18646e-06
2326.08		2.96616e-06
2326.84		5.93232e-07
2327.6		5.93232e-07
2328.36		0
2329.12		5.93232e-07
2329.88		5.93232e-07
2330.64		0
2331.4		0
2332.16		0
2332.92		0
2333.68		0
2334.44		0
2335.19		1.18646e-06
2335.95		1.18646e-06
2336.71		0
2337.47		0
2338.23		1.18646e-06
2338.99		0
2339.75		1.18646e-06
2340.51		5.93232e-07
2341.27		0
2342.03		1.7797e-06
2342.79		0
2343.55		5.93232e-07
2344.31		1.18646e-06
2345.06		0
2345.82		0
2346.58		5.93232e-07
2347.34		0
2348.1		1.18646e-06
2348.86		0
2349.62		0
2350.38		5.93232e-07
2351.14		1.7797e-06
2351.9		1.18646e-06
2352.66		0
2353.42		5.93232e-07
2354.18		1.18646e-06
2354.93		5.93232e-07
2355.69		5.93232e-07
2356.45		0
2357.21		5.93232e-07
2357.97		1.18646e-06
2358.73		5.93232e-07
2359.49		5.93232e-07
2360.25		0
2361.01		5.93232e-07
2361.77		5.93232e-07
2362.53		0
2363.29		5.93232e-07
2364.05		5.93232e-07
2364.8		0
2365.56		0
2366.32		5.93232e-07
2367.08		5.93232e-07
2367.84		5.93232e-07
2368.6		5.93232e-07
2369.36		0
2370.12		0
2370.88		5.93232e-07
2371.64		0
2372.4		5.93232e-07
2373.16		0
2373.92		1.18646e-06
2374.68		1.18646e-06
2375.43		5.93232e-07
2376.19		0
2376.95		1.18646e-06
2377.71		5.93232e-07
2378.47		5.93232e-07
2379.23		0
2379.99		5.93232e-07
2380.75		5.93232e-07
2381.51		0
2382.27		5.93232e-07
2383.03		1.18646e-06
2383.79		1.7797e-06
2384.55		0
2385.3		0
2386.06		5.93232e-07
2386.82		0
2387.58		5.93232e-07
2388.34		0
2389.1		0
2389.86		5.93232e-07
2390.62		0
2391.38		5.93232e-07
2392.14		0
2392.9		1.18646e-06
2393.66		0
2394.42		0
2395.17		0
2395.93		0
2396.69		0
2397.45		0
2398.21		0
2398.97		1.18646e-06
2399.73		5.93232e-07
2400.49		0
2401.25		0
2402.01		0
2402.77		0
2403.53		0
2404.29		0
2405.04		5.93232e-07
2405.8		0
2406.56		1.18646e-06
2407.32		0
2408.08		5.93232e-07
2408.84		0
2409.6		0
2410.36		0
2411.12		0
2411.88		5.93232e-07
2412.64		5.93232e-07
2413.4		0
2414.16		5.93232e-07
2414.91		0
2415.67		0
2416.43		0
2417.19		5.93232e-07
2417.95		1.18646e-06
2418.71		5.93232e-07
2419.47		0
2420.23		5.93232e-07
2420.99		0
2421.75		0
2422.51		0
2423.27		0
2424.03		0
2424.78		5.93232e-07
2425.54		0
2426.3		5.93232e-07
2427.06		0
2427.82		0
2428.58		5.93232e-07
2429.34		0
2430.1		5.93232e-07
2430.86		1.18646e-06
2431.62		5.93232e-07
2432.38		0
2433.14		1.18646e-06
2433.9		1.18646e-06
2434.66		5.93232e-07
2435.41		0
2436.17		0
2436.93		5.93232e-07
2437.69		5.93232e-07
2438.45		0
2439.21		0
2439.97		0
2440.73		5.93232e-07
2441.49		0
2442.25		0
2443.01		1.18646e-06
2443.77		5.93232e-07
2444.53		5.93232e-07
2445.28		0
2446.04		5.93232e-07
2446.8		5.93232e-07
2447.56		0
2448.32		5.93232e-07
2449.08		1.7797e-06
2449.84		0
2450.6		5.93232e-07
2451.36		0
2452.12		0
2452.88		5.93232e-07
2453.64		0
2454.4		0
2455.15		5.93232e-07
2455.91		0
2456.67		0
2457.43		5.93232e-07
2458.19		0
2458.95		0
2459.71		0
2460.47		5.93232e-07
2461.23		0
2461.99		0
2462.75		0
2463.51		5.93232e-07
2464.27		0
2465.02		0
2465.78		1.18646e-06
2466.54		0
2467.3		0
2468.06		0
2468.82		5.93232e-07
2469.58		0
2470.34		5.93232e-07
2471.1		0
2471.86		5.93232e-07
2472.62		0
2473.38		0
2474.14		5.93232e-07
2474.89		5.93232e-07
2475.65		0
2476.41		5.93232e-07
2477.17		0
2477.93		0
2478.69		0
2479.45		0
2480.21		0
2480.97		0
2481.73		5.93232e-07
2482.49		5.93232e-07
2483.25		5.93232e-07
2484.01		0
2484.76		1.18646e-06
2485.52		0
2486.28		5.93232e-07
2487.04		0
2487.8		0
2488.56		0
2489.32		0
2490.08		0
2490.84		0
2491.6		0
2492.36		0
2493.12		0
2493.88		0
2494.63		5.93232e-07
2495.39		0
2496.15		0
2496.91		0
2497.67		0
2498.43		0
2499.19		1.18646e-06
2499.95		0
2500.71		0
2501.47		0
2502.23		0
2502.99		5.93232e-07
2503.75		5.93232e-07
2504.51		0
2505.26		0
2506.02		0
2506.78		0
2507.54		0
2508.3		0
2509.06		5.93232e-07
2509.82		0
2510.58		5.93232e-07
2511.34		0
2512.1		0
2512.86		0
2513.62		0
2514.38		0
2515.13		5.93232e-07
2515.89		0
2516.65		0
2517.41		0
2518.17		5.93232e-07
2518.93		0
2519.69		5.93232e-07
2520.45		0
2521.21		0
2521.97		0
2522.73		5.93232e-07
2523.49		0
2524.25		0
2525		5.93232e-07
2525.76		0
2526.52		0
2527.28		0
2528.04		0
2528.8		0
2529.56		0
2530.32		0
2531.08		0
2531.84		0
2532.6		5.93232e-07
2533.36		0
2534.12		0
2534.87		5.93232e-07
2535.63		0
2536.39		0
2537.15		0
2537.91		0
2538.67		0
2539.43		5.93232e-07
2540.19		0
2540.95		5.93232e-07
2541.71		1.18646e-06
2542.47		0
2543.23		0
2543.99		0
2544.74		0
2545.5		0
2546.26		0
2547.02		0
2547.78		0
2548.54		1.18646e-06
2549.3		5.93232e-07
2550.06		0
2550.82		5.93232e-07
2551.58		1.18646e-06
2552.34		0
2553.1		0
2553.86		0
2554.61		0
2555.37		5.93232e-07
2556.13		5.93232e-07
2556.89		5.93232e-07
2557.65		0
2558.41		5.93232e-07
2559.17		5.93232e-07
2559.93		5.93232e-07
2560.69		1.7797e-06
2561.45		0
2562.21		5.93232e-07
2562.97		0
2563.73		5.93232e-07
2564.49		0
2565.24		5.93232e-07
2566		0
2566.76		0
2567.52		1.7797e-06
2568.28		1.18646e-06
2569.04		1.18646e-06
2569.8		0
2570.56		0
2571.32		0
2572.08		4.15262e-06
2572.84		5.93232e-07
2573.6		0
2574.36		5.93232e-07
2575.11		0
2575.87		1.18646e-06
2576.63		0
2577.39		5.93232e-07
2578.15		1.18646e-06
2578.91		2.37293e-06
2579.67		1.7797e-06
2580.43		2.96616e-06
2581.19		5.93232e-07
2581.95		1.18646e-06
2582.71		1.18646e-06
2583.47		1.7797e-06
2584.23		1.18646e-06
2584.98		2.37293e-06
2585.74		1.18646e-06
2586.5		5.93232e-07
2587.26		3.55939e-06
2588.02		2.37293e-06
2588.78		2.37293e-06
2589.54		5.93232e-07
2590.3		5.93232e-07
2591.06		1.7797e-06
2591.82		1.7797e-06
2592.58		5.93232e-07
2593.34		5.93232e-07
2594.1		0
2594.85		1.7797e-06
2595.61		0
2596.37		1.7797e-06
2597.13		1.18646e-06
2597.89		1.7797e-06
2598.65		5.93232e-07
2599.41		1.7797e-06
2600.17		1.7797e-06
2600.93		5.93232e-07
2601.69		1.7797e-06
2602.45		2.96616e-06
2603.21		2.37293e-06
2603.97		1.7797e-06
2604.72		1.18646e-06
2605.48		5.93232e-07
2606.24		1.18646e-06
2607		3.55939e-06
2607.76		1.7797e-06
2608.52		3.55939e-06
2609.28		5.93232e-07
2610.04		3.55939e-06
2610.8		1.18646e-06
2611.56		5.93232e-07
2612.32		1.18646e-06
2613.08		1.7797e-06
2613.84		5.93232e-07
2614.59		2.96616e-06
2615.35		1.7797e-06
2616.11		1.18646e-06
2616.87		2.96616e-06
2617.63		4.15262e-06
2618.39		1.18646e-06
2619.15		2.37293e-06
2619.91		1.7797e-06
2620.67		1.18646e-06
2621.43		5.93232e-07
2622.19		1.7797e-06
2622.95		1.18646e-06
2623.71		5.93232e-07
2624.47		5.93232e-07
2625.22		2.37293e-06
2625.98		5.93232e-07
2626.74		5.93232e-07
2627.5		0
2628.26		4.15262e-06
2629.02		1.7797e-06
2629.78		1.18646e-06
2630.54		1.18646e-06
2631.3		0
2632.06		1.18646e-06
2632.82		1.7797e-06
2633.58		3.55939e-06
2634.34		0
2635.09		0
2635.85		2.37293e-06
2636.61		1.18646e-06
2637.37		2.37293e-06
2638.13		5.93232e-07
2638.89		5.93232e-07
2639.65		1.18646e-06
2640.41		5.93232e-07
2641.17		1.18646e-06
2641.93		5.93232e-07
2642.69		0
2643.45		1.18646e-06
2644.21		5.93232e-07
2644.96		1.18646e-06
2645.72		5.93232e-07
2646.48		0
2647.24		1.7797e-06
2648		5.93232e-07
2648.76		0
2649.52		5.93232e-07
2650.28		1.18646e-06
2651.04		1.18646e-06
2651.8		1.18646e-06
2652.56		0
2653.32		5.93232e-07
2654.08		5.93232e-07
2654.83		1.18646e-06
2655.59		5.93232e-07
2656.35		5.93232e-07
2657.11		5.93232e-07
2657.87		0
2658.63		0
2659.39		5.93232e-07
2660.15		0
2660.91		5.93232e-07
2661.67		0
2662.43		5.93232e-07
2663.19		5.93232e-07
2663.95		0
2664.7		0
2665.46		5.93232e-07
2666.22		5.93232e-07
2666.98		0
2667.74		0
2668.5		0
2669.26		5.93232e-07
2670.02		5.93232e-07
2670.78		0
2671.54		0
2672.3		0
2673.06		0
2673.82		5.93232e-07
2674.57		0
2675.33		0
2676.09		5.93232e-07
2676.85		0
2677.61		0
2678.37		0
2679.13		5.93232e-07
2679.89		0
2680.65		0
2681.41		0
2682.17		0
2682.93		5.93232e-07
2683.69		0
2684.44		0
2685.2		0
2685.96		0
2686.72		0
2687.48		0
2688.24		0
2689		0
2689.76		0
2690.52		0
2691.28		0
2692.04		0
2692.8		0
2693.56		0
2694.32		0
2695.07		5.93232e-07
2695.83		0
2696.59		0
2697.35		5.93232e-07
2698.11		0
2698.87		0
2699.63		0
2700.39		0
